CanvasCycle.initScene({base:{filename:'V30.LBM',width:640,height:480,colors:[[0,0,0],[43,71,27],[11,51,11],[0,31,15],[0,15,11],[79,135,27],[35,91,27],[0,27,0],[0,11,7],[103,139,7],[47,99,11],[0,47,7],[0,23,11],[0,19,7],[95,163,0],[43,79,15],[15,23,11],[7,11,7],[223,255,75],[167,219,39],[95,147,7],[55,99,0],[27,51,0],[0,27,7],[51,99,31],[7,59,7],[0,23,7],[0,15,7],[11,11,11],[23,19,19],[43,43,39],[63,59,51],[83,75,67],[103,99,71],[59,75,15],[23,43,0],[0,27,0],[0,15,7],[23,15,15],[23,23,19],[31,31,23],[47,47,39],[79,79,59],[111,111,79],[147,139,91],[75,99,0],[43,59,0],[7,39,0],[0,19,0],[0,0,0],[27,27,31],[51,39,47],[75,59,63],[107,79,83],[139,103,99],[171,135,119],[163,171,0],[147,143,19],[123,123,39],[55,71,15],[47,51,0],[0,19,0],[11,11,19],[7,15,11],[19,19,11],[31,35,27],[23,23,15],[39,43,27],[31,39,27],[31,39,31],[0,0,0],[27,35,27],[59,55,43],[27,35,27],[11,15,15],[43,51,31],[23,27,23],[11,15,15],[35,47,31],[55,51,39],[27,35,23],[11,15,15],[27,43,27],[31,47,35],[31,31,15],[47,55,31],[79,83,55],[55,55,39],[35,43,27],[15,11,7],[31,43,31],[23,23,23],[39,39,39],[55,51,39],[91,91,63],[63,55,47],[35,39,19],[19,19,19],[163,199,0],[115,163,0],[79,139,0],[51,123,0],[31,107,0],[0,11,7],[7,15,0],[39,55,0],[27,47,0],[11,35,0],[7,27,0],[7,19,0],[59,59,35],[39,31,23],[23,15,15],[11,7,7],[0,0,0],[7,7,0],[7,11,7],[15,19,11],[55,51,47],[35,31,27],[15,11,11],[0,0,0],[11,19,0],[19,27,0],[31,39,0],[43,51,0],[71,75,0],[7,7,7],[0,0,0],[7,7,0],[11,19,7],[95,95,67],[75,75,59],[55,55,47],[35,35,35],[39,35,23],[47,39,27],[47,39,27],[47,39,27],[47,39,27],[47,39,27],[47,39,27],[47,39,27],[47,39,27],[255,255,255],[255,255,255],[255,255,255],[255,255,255],[255,255,255],[255,255,255],[255,255,255],[255,255,255],[255,255,255],[255,255,255],[255,255,255],[255,255,255],[255,255,255],[255,255,255],[255,255,255],[255,255,255],[0,207,255],[255,255,255],[255,255,255],[255,255,255],[255,255,255],[255,255,255],[255,255,255],[255,255,255],[255,255,255],[255,255,255],[255,255,255],[255,255,255],[255,255,255],[255,255,255],[255,255,255],[255,255,255],[135,167,0],[87,115,7],[35,55,0],[27,27,31],[135,167,0],[87,115,7],[35,55,0],[27,27,31],[135,167,0],[87,115,7],[35,55,0],[27,27,31],[135,167,0],[87,115,7],[35,55,0],[27,27,31],[59,59,47],[71,75,59],[83,91,75],[87,103,87],[19,35,35],[39,59,55],[67,87,75],[43,63,55],[23,39,35],[7,15,15],[67,79,59],[71,107,79],[103,135,99],[95,119,87],[67,79,59],[39,47,35],[7,15,15],[19,35,35],[39,59,55],[63,83,75],[39,51,47],[19,35,35],[15,19,19],[0,0,0],[23,39,31],[51,79,59],[75,111,79],[119,151,111],[75,111,79],[51,79,59],[31,51,39],[15,31,23],[255,227,199],[243,211,183],[231,195,167],[219,179,151],[211,163,135],[199,147,123],[187,131,111],[179,119,99],[255,255,255],[255,255,255],[255,255,255],[255,255,255],[255,255,255],[255,255,255],[255,255,255],[255,255,255],[255,255,255],[255,255,255],[255,255,255],[255,255,255],[255,255,255],[255,255,255],[255,255,255],[255,255,255],[255,255,255],[255,255,255],[255,255,255],[255,255,255],[255,255,255],[255,255,255],[255,255,255],[255,255,255]],

cycles:[{reverse:2,rate:0,low:94,high:96},
{reverse:0,rate:0,low:46,high:47},
{reverse:0,rate:0,low:49,high:55},
{reverse:2,rate:0,low:50,high:52},
{reverse:2,rate:0,low:52,high:54},
{reverse:2,rate:0,low:53,high:55},
{reverse:0,rate:0,low:51,high:55},
{reverse:0,rate:0,low:51,high:53},
{reverse:0,rate:0,low:0,high:0},
{reverse:0,rate:0,low:0,high:0},
{reverse:2,rate:0,low:0,high:0},
{reverse:2,rate:0,low:0,high:0},

{reverse:0,rate:3456,low:202,high:207},
{reverse:0,rate:4224,low:196,high:201},
{reverse:0,rate:2457,low:208,high:215},
{reverse:0,rate:2457,low:216,high:223}],pixels:[
